function [A, b, c] = RK5BS()
%Bogack–Shampine 5(4) (BS5) from P. Bogacki and L. F. Shampine. 
% "An efficient Runge?Kutta (4, 5) pair". 
% Computers & Mathematicswith Applications, 32(6):15-28, 1996.
%
% Note: coeffients are nicely listed in:
% https://arxiv.org/pdf/1810.10197.pdf

c = [1 / 6, 2 / 9, 3 / 7, 2 / 3, 3 / 4, 1];
A = [
    1 / 6,              0,              0,                      0,                  0,                  0;
    2 / 27,             4 / 27          0,                      0,                  0,                  0;
    183 / 1372,       - 162 / 343,      1053 / 1372,            0,                  0,                  0;
    68 / 297,         - 4 / 11,         42 / 143,               1960 / 3861,        0,                  0;
    597 / 22528,        81 / 352        63099 / 585728,         58653 / 366080,     4617 / 20480,       0;
    174197 / 959244,  - 30942/79937,    8152137 / 19744439,     666106 / 1039181, - 29421 / 29068,     482048 / 414219;
];
b = [ 587 / 8064, 0, 4440339 / 15491840, 24353 / 124800, 387 / 44800, 2152 / 5985, 7267 / 94080 ];

end